{
	"name":"gordon_skeleton",
	"bones":[
		{
			"name":"Bip01",
			"parent":"",
			"transform":[-7.78874e-005,0.0,1.0,1.0,0.0,7.78874e-005,0.0,1.0,0.0,0.235347,2.88438,0.235347]
		}
		,
		{
			"name":"Bip01 Pelvis",
			"parent":"Bip01",
			"transform":[-2.2199e-007,1.0,2.21955e-007,-7.598e-005,-2.21972e-007,1.0,1.0,2.21973e-007,7.598e-005,0.219669,2.88438,0.915054]
		}
		,
		{
			"name":"Bip01 L Leg",
			"parent":"Bip01 Pelvis",
			"transform":[0.0348945,-0.977424,0.208387,0.055128,0.210079,0.976129,-0.997869,-0.0225736,0.061214,3.93292,2.88437,0.915344]
		}
		,
		{
			"name":"Bip01 L Leg1",
			"parent":"Bip01 L Leg",
			"transform":[0.0211057,-0.999477,-0.0245208,0.0617351,-0.0231766,0.997823,-0.99787,-0.0225736,0.0612137,4.56262,-14.7539,4.67584]
		}
		,
		{
			"name":"Bip01 L Foot",
			"parent":"Bip01 L Leg1",
			"transform":[-2.49892e-005,-1.0,1.12236e-005,0.156221,7.20238e-006,0.987722,-0.987722,2.64384e-005,0.156221,4.93403,-32.3423,4.24433]
		}
		,
		{
			"name":"Bip01 R Leg",
			"parent":"Bip01 Pelvis",
			"transform":[-0.050296,-0.995494,-0.0803821,-0.254778,-0.0650322,0.96481,-0.965691,0.0690057,-0.250359,-3.49359,2.88438,0.914767]
		}
		,
		{
			"name":"Bip01 R Leg1",
			"parent":"Bip01 R Leg",
			"transform":[-0.0174782,-0.979135,-0.202458,-0.259106,-0.191136,0.946747,-0.965691,0.0690057,-0.250359,-4.40121,-15.08,-0.535787]
		}
		,
		{
			"name":"Bip01 R Foot",
			"parent":"Bip01 R Leg1",
			"transform":[8.71932e-005,-1.0,-1.22897e-005,-0.233359,-3.23022e-005,0.97239,-0.972391,-8.18847e-005,-0.233359,-4.70879,-32.3105,-4.09857]
		}
		,
		{
			"name":"Bip01 Spine",
			"parent":"Bip01 Pelvis",
			"transform":[-0.000658503,0.999955,0.00950412,-0.0697948,-0.0095269,0.997516,0.997561,-6.47081e-006,0.0697979,0.219616,4.17805,1.59953]
		}
		,
		{
			"name":"Bip01 Spine1",
			"parent":"Bip01 Spine",
			"transform":[0.00420905,0.998186,-0.0600672,-0.0696707,0.0602145,0.995751,0.997561,-6.24615e-006,0.0697977,0.216386,9.48753,1.64617]
		}
		,
		{
			"name":"Bip01 Spine2",
			"parent":"Bip01 Spine1",
			"transform":[0.00414975,0.998185,-0.0600804,-0.147672,0.0600339,0.987213,0.989028,0.00477552,0.147653,0.237022,14.3053,1.35167]
		}
		,
		{
			"name":"Bip01 Spine3",
			"parent":"Bip01 Spine2",
			"transform":[0.00157325,0.99908,-0.0428512,-0.147722,0.0426133,0.98811,0.989028,0.00477553,0.147653,0.261844,20.0872,0.998401]
		}
		,
		{
			"name":"Bip01 Neck",
			"parent":"Bip01 Spine3",
			"transform":[-0.0656301,0.909632,0.410197,-0.132351,-0.415387,0.899965,0.989028,0.00477466,0.147653,0.272541,26.7433,0.711477]
		}
		,
		{
			"name":"Bip01 Head",
			"parent":"Bip01 Neck",
			"transform":[-2.51606e-005,0.961308,0.275475,0.0173491,-0.275433,0.961164,0.99985,0.00480346,-0.016671,0.138197,28.6054,1.55114]
		}
		,
		{
			"name":"Dummy08",
			"parent":"Bip01 Head",
			"transform":[-0.0166717,-6.59868e-005,-0.999861,-0.00480483,0.999988,1.40825e-005,0.999849,0.00480441,-0.0166719,0.00368387,29.4522,2.36642]
		}
		,
		{
			"name":"Bone02",
			"parent":"Dummy08",
			"transform":[-0.0166717,-6.60291e-005,-0.999861,-0.00480484,0.999988,1.40271e-005,0.999849,0.00480442,-0.0166719,0.031021,29.4288,2.42998]
		}
		,
		{
			"name":"Dummy04",
			"parent":"Bip01 Head",
			"transform":[-0.0166717,-6.59868e-005,-0.999861,-0.00480483,0.999988,1.40825e-005,0.999849,0.00480441,-0.0166719,0.118289,30.4047,6.21277]
		}
		,
		{
			"name":"Bone05",
			"parent":"Dummy04",
			"transform":[-0.0166717,-6.60291e-005,-0.999861,-0.00480484,0.999988,1.40271e-005,0.999849,0.00480442,-0.0166719,0.118718,30.3791,6.29697]
		}
		,
		{
			"name":"Dummy03",
			"parent":"Bip01 Head",
			"transform":[-0.0166717,-6.59868e-005,-0.999861,-0.00480483,0.999988,1.40825e-005,0.999849,0.00480441,-0.0166719,0.127205,32.1041,6.68695]
		}
		,
		{
			"name":"Bone07",
			"parent":"Dummy03",
			"transform":[-0.0166717,-6.60291e-005,-0.999861,-0.00480484,0.999988,1.40271e-005,0.999849,0.00480442,-0.0166719,0.132527,32.0828,6.74543]
		}
		,
		{
			"name":"Dummy10",
			"parent":"Bip01 Head",
			"transform":[-0.0166717,-6.59868e-005,-0.999861,-0.00480483,0.999988,1.40825e-005,0.999849,0.00480441,-0.0166719,0.00479539,30.7243,0.112421]
		}
		,
		{
			"name":"Bone13",
			"parent":"Dummy10",
			"transform":[-0.0166717,-6.60291e-005,-0.999861,-0.00480484,0.999988,1.40271e-005,0.999849,0.00480442,-0.0166719,0.00400779,30.6953,0.0568562]
		}
		,
		{
			"name":"Bip01 L Arm",
			"parent":"Bip01 Neck",
			"transform":[0.968977,-0.1938,0.153376,0.147718,-0.0434083,-0.988076,0.198147,0.98008,-0.0134339,4.57024,23.303,1.44151]
		}
		,
		{
			"name":"Bip01 L Arm1",
			"parent":"Bip01 L Arm",
			"transform":[0.199204,-0.955131,-0.219185,0.115401,0.244975,-0.962637,0.973139,0.166467,0.159023,9.24772,22.3675,2.18189]
		}
		,
		{
			"name":"Bip01 L Arm2",
			"parent":"Bip01 L Arm1",
			"transform":[0.0729518,-0.878137,0.472814,0.218352,-0.448513,-0.866694,0.973139,0.166467,0.159023,11.4668,11.7276,-0.259777]
		}
		,
		{
			"name":"Bip01 L Hand",
			"parent":"Bip01 L Arm2",
			"transform":[0.0575505,-0.844729,0.532091,-0.972962,-0.166872,-0.159685,0.223682,-0.508514,-0.831493,12.2193,2.66995,4.61711]
		}
		,
		{
			"name":"Bip01 L Finger1",
			"parent":"Bip01 L Hand",
			"transform":[0.0672137,-0.866102,0.495328,-0.973139,-0.166467,-0.159023,0.220186,-0.471335,-0.854027,12.7565,0.243085,6.29892]
		}
		,
		{
			"name":"Bip01 L Finger11",
			"parent":"Bip01 L Finger1",
			"transform":[-0.646672,-0.726003,0.233954,-0.730296,0.500762,-0.464655,0.220186,-0.471335,-0.854026,12.8532,-1.00314,7.01164]
		}
		,
		{
			"name":"Bip01 L Finger12",
			"parent":"Bip01 L Finger11",
			"transform":[-0.794331,0.421531,-0.437437,0.566178,0.774697,-0.281581,0.220186,-0.471335,-0.854027,11.8927,-2.08147,7.35913]
		}
		,
		{
			"name":"Bip01 L Finger0",
			"parent":"Bip01 L Hand",
			"transform":[-0.286382,-0.557932,0.778908,-0.923139,-0.0569735,-0.380222,0.256515,-0.827929,-0.498732,11.4959,2.0695,6.83694]
		}
		,
		{
			"name":"Bip01 L Finger01",
			"parent":"Bip01 L Finger0",
			"transform":[-0.286382,-0.557932,0.778908,-0.923139,-0.0569735,-0.380222,0.256515,-0.827929,-0.498732,11.23,1.55156,7.56001]
		}
		,
		{
			"name":"Bip01 L Finger02",
			"parent":"Bip01 L Finger01",
			"transform":[-0.286382,-0.557932,0.778908,-0.923139,-0.0569734,-0.380222,0.256515,-0.827929,-0.498732,10.9642,1.03363,8.28308]
		}
		,
		{
			"name":"Bip01 R Arm",
			"parent":"Bip01 Neck",
			"transform":[-0.969649,-0.20316,-0.136038,0.147718,-0.0434094,-0.988076,0.194833,-0.978183,0.0721024,-3.81932,23.5316,0.18256]
		}
		,
		{
			"name":"Bip01 R Arm1",
			"parent":"Bip01 R Arm",
			"transform":[-0.186563,-0.977583,0.0976005,-0.00836606,-0.0977603,-0.995175,0.982407,-0.18648,0.01006,-8.64046,22.5215,-0.493827]
		}
		,
		{
			"name":"Bip01 R Arm2",
			"parent":"Bip01 R Arm1",
			"transform":[-0.0163138,-0.0320308,0.999354,-0.186037,-0.981936,-0.0345095,0.982407,-0.18648,0.0100602,-10.8019,11.1959,0.63691]
		}
		,
		{
			"name":"Bip01 R Hand",
			"parent":"Bip01 R Arm2",
			"transform":[-0.0126144,0.029855,0.999474,0.999916,0.003269,0.0125223,-0.00289342,0.999549,-0.0298938,-10.9671,10.8715,10.7574]
		}
		,
		{
			"name":"Bip01 R Finger1",
			"parent":"Bip01 R Hand",
			"transform":[-0.0124304,-0.0137509,0.999828,0.999912,0.00431253,0.0124907,-0.00448348,0.999896,0.0136961,-11.4284,10.9944,13.4331]
		}
		,
		{
			"name":"Bip01 R Finger11",
			"parent":"Bip01 R Finger1",
			"transform":[0.872534,-0.00277939,0.488545,0.488532,0.0141407,-0.872431,-0.00448348,0.999896,0.0136961,-11.4462,10.9746,14.8717]
		}
		,
		{
			"name":"Bip01 R Finger12",
			"parent":"Bip01 R Finger11",
			"transform":[0.836528,0.0112546,-0.547809,-0.547906,0.00900104,-0.836491,-0.00448348,0.999896,0.0136961,-10.1503,10.9705,15.5974]
		}
		,
		{
			"name":"Bip01 R Finger0",
			"parent":"Bip01 R Hand",
			"transform":[0.374882,0.427214,0.822771,0.925835,-0.218354,-0.308464,0.047875,0.877388,-0.477386,-10.8815,12.5814,12.2419]
		}
		,
		{
			"name":"Bip01 R Finger01",
			"parent":"Bip01 R Finger0",
			"transform":[0.374882,0.427213,0.822771,0.925835,-0.218354,-0.308464,0.0478751,0.877388,-0.477386,-10.5335,12.9779,13.0057]
		}
		,
		{
			"name":"Bip01 R Finger02",
			"parent":"Bip01 R Finger01",
			"transform":[0.374882,0.427213,0.822771,0.925836,-0.218354,-0.308464,0.0478751,0.877388,-0.477386,-10.1855,13.3745,13.7695]
		}
	]
}
